,TWEIX,BRKA,DGRIX,LBF,FTRNX,JAVLX,OPGSX,PRTBX,PTTRX,PINCX,GSPC,VWNDX
19960731,-0.036335,0.00651,-0.061508,0.00943,-0.057097,-0.048839,-0.031095,0.003769,0.002625,0.002529,-0.04494,-0.010996
19960830,0.031148,0.01294,0.044397,0.03738,0.023392,0.038061,0.051787,0.00361,-0.000855,0.000965,0.01926,0.026815
19960930,0.031886,0.02716,0.037449,0.04505,0.060092,0.072293,-0.027739,0.003741,0.022957,0.023188,0.05582,0.036943
19961031,0.007752,0.00778,0.005879,-0.01814,-0.010781,0.029032,-0.007846,0.003584,0.025986,0.022815,0.03233,0.043612
19961129,0.052308,0.02469,0.035071,0.06306,0.069256,0.073981,-0.007189,0.003428,0.023695,0.023834,0.073,0.072984
19961231,0.015113,0.02711,-0.012663,0.05424,-0.001935,-0.042011,0.004963,0.003218,-0.012404,-0.009482,-0.02329,-0.005689
19970131,0.012618,0.02053,0.024229,0.01739,0.04119,0.085184,-0.039711,0.003267,0.003724,0.005316,0.06179,0.062086
19970228,0.018692,0.02011,-0.001075,0.03419,-0.048459,-0.013754,0.115038,0.002961,0.002271,0.005226,0.00957,0.00454
19970331,-0.024428,0.01972,-0.030409,-0.02479,-0.077788,-0.05068,-0.098449,0.003542,-0.012096,-0.0176,-0.04572,-0.029944
19970430,0.031696,0.04972,0.011706,0.02542,-0.012575,0.050878,-0.0546,0.003971,0.018053,0.015692,0.06437,0.028538
19970530,0.06298,0.13158,0.06281,0.05085,0.136168,0.056938,0.057753,0.003809,0.010269,0.0068,0.06321,0.060023
19970630,0.034113,0.09767,0.040954,0.00806,0.065529,0.060323,-0.051608,0.002627,0.011751,0.013982,0.04112,0.019069
19970731,0.04782,0,0.06003,0.07266,0.069267,0.118649,-0.009464,0.003057,0.027966,0.028258,0.07926,0.083157
19970829,0.004027,-0.12076,-0.033978,-0.03817,-0.00787,-0.074245,-0.025478,0.003628,-0.008625,-0.008811,-0.0518,-0.019071
19970930,0.039424,0.07952,0.025647,0.02381,0.082532,0.05611,0.053922,0.003326,0.01623,0.018074,0.04809,0.0334
19971031,-0.029909,-0.02455,-0.052128,-0.09507,-0.084414,-0.022253,-0.149612,0.003315,0.012022,0.006604,-0.0245,-0.056922
19971128,0.036193,0.03661,0.024723,0.10538,-0.036632,0.004836,-0.144029,0.00316,0.004602,-0.00042,0.0387,0.007161
19971231,0.022389,0.01545,0.023699,0.05542,-0.018794,0.008709,0.004146,0.003387,0.011716,0.008604,0.0191,0.017098
19980130,-0.006006,0.09348,-0.001705,0.00885,-0.000739,0.045821,0.045793,0.003416,0.015509,0.01083,0.01288,-0.000589
19980227,0.048338,0.10934,0.075697,0.04825,0.091918,0.07652,-0.017312,0.003108,-0.002782,-0.000449,0.06929,0.065999
19980331,0.037436,0.2043,0.039259,-0.01674,0.071985,0.05331,0.07772,0.003099,0.003377,0.005197,0.04876,0.059701
19980430,0.002797,0.02083,0.010209,0.00011,0.01975,0.055782,0.075,0.003678,0.003955,0.00661,0.01279,0.017214
19980529,-0.013947,0.03061,-0.039919,-0.04803,-0.047877,-0.013918,-0.143113,0.003957,0.011649,0.006638,-0.02077,-0.031795
19980630,-0.0131,0.10757,-0.003684,-0.05963,0.018389,0.100123,-0.080376,0.003212,0.009756,0.005175,0.04259,-0.007907
19980731,-0.024566,-0.10472,-0.026469,0.00296,-0.044583,0.047517,-0.064699,0.003492,0.003368,-0.000428,-0.01351,-0.051585
19980831,-0.081481,-0.13701,-0.152257,-0.55,-0.280314,-0.151281,-0.224515,0.00377,0.015916,-0.017416,-0.14118,-0.202266
19980930,0.04663,-0.01488,0.069468,0.31111,0.062282,0.107429,0.467919,0.00419,0.029989,0.018395,0.06362,0.065341
19981030,0.073095,0.08221,0.073918,-0.01786,0.033909,0.037162,0.011727,0.002877,-0.00679,-0.016097,0.08108,0.089333
19981130,0.053623,0.05271,0.056519,0.12727,0.068345,0.072127,0,0.002582,0.00394,0.014214,0.05568,0.022644
19981231,0.009972,0.03093,0.044726,-0.30323,0.102397,0.166103,-0.023323,0.002931,0.005761,0.003888,0.06541,0.017807
19990129,-0.038035,-0.07143,0.010817,-0.09524,0.069889,0.122514,-0.007568,0.003247,0.006478,0.009721,0.03523,-0.002569
19990226,-0.019769,0.09385,-0.034778,0.02632,-0.0267,-0.045796,-0.026144,0.002501,-0.018405,-0.023785,-0.03207,-0.023825
19990331,0.010419,0.00422,0.033869,0.05128,0.047447,0.148713,0.021253,0.003229,0.008591,0.008141,0.04151,0.059367
19990430,0.082353,0.07003,0.051048,0.1293,0.049745,-0.0215,0.174151,0.002779,0.00466,0.00367,0.03797,0.136364
19990528,0.020186,-0.05759,-0.012781,0.04444,-0.0193,-0.061399,-0.128731,0.003063,-0.010479,-0.012582,-0.02287,-0.02137
19990630,0.026852,-0.04306,0.061885,-0.04255,0.06288,0.042504,0.054604,0.002909,-0.001635,-0.005223,0.05537,0.023666
19990730,-0.00597,-0.01589,-0.027818,-0.05319,-0.03086,-0.037904,-0.051777,0.0029,-0.003909,-0.005392,-0.03102,-0.028619
19990831,-0.022523,-0.05317,-0.021084,-0.04819,-0.001709,0.015891,0.043897,0.002892,0.000999,-0.002299,-0.00518,-0.024363
19990930,-0.032397,-0.1433,-0.026308,-0.01266,-0.024428,0.035196,0.197949,0.00346,0.01117,0.008552,-0.02237,-0.054007
19991029,0.0064,0.16181999,0.053769,0.00554,0.053748,0.097277,-0.111301,0.003161,0.003378,0.000815,0.06408,0.03806
19991130,-0.007949,-0.10329,0.017009,0.02632,0.054336,0.077033,-0.013487,0.002865,0.002407,0.000734,0.01665,0.010645
19991231,-0.015586,-0.02094,0.058239,-0.0081,0.124488,0.170656,0.042436,0.003548,-0.005568,-0.002357,0.05709,0.010212
20000131,-0.041071,-0.08734,-0.035863,0,-0.03918,-0.050821,-0.071702,0.003103,-0.004724,-0.000733,-0.04979,-0.067238
20000229,-0.05959,-0.14062,-0.003774,0.05333,0.092829,0.064276,-0.035015,0.003683,0.012307,0.008729,-0.01523,-0.059364
20000331,0.099465,0.3,0.075703,-0.01266,0.009355,0.044495,-0.045891,0.003816,0.014423,0.007115,0.09689,0.135237
20000428,0.005455,0.03671,-0.008052,0.00513,-0.051618,-0.090197,-0.067114,0.003948,-0.002375,-0.011864,-0.03512,0.009265
20000531,0.027125,-0.0118,-0.013191,-0.02632,-0.034581,-0.102385,0.010791,0.004515,-0.000153,-0.008787,-0.01572,0.030164
20000630,-0.021426,-0.08191,-0.022519,0.09459,0.051082,0.074141,0.043891,0.003625,0.020785,0.02524,0.0197,-0.043362
20000731,0.003623,0.02416,-0.021053,0.0406,-0.022374,-0.008288,-0.0625,0.003756,0.009625,0.010411,-0.0157,0.020134
20000831,0.057762,0.04719,0.077419,0.03659,0.073356,0.077435,0.087273,0.004462,0.015767,0.010335,0.06534,0.069079
20000929,0.021587,0.11612,-0.053244,-0.02353,-0.051257,-0.083747,-0.06466,0.004585,0.003393,0.005564,-0.05481,-0.011077
20001031,0.031987,-0.01087,0.017405,0.00555,-0.012353,-0.059921,-0.082241,0.003708,0.006497,-0.000799,-0.00468,0.023024
20001130,0.014682,0.03454,-0.076205,-0.02469,-0.088758,-0.154073,0.051948,0.004832,0.01956,0.011959,-0.07465,-0.031022
20001229,0.071398,0.07739,0.036582,0.04266,0.015876,-0.062114,0.096228,0.0048,0.020372,0.017899,-0.00515,0.094146
20010131,0.012085,-0.03662,0.041399,0.142,0.016306,0.043613,0.00578,0.004078,0.014631,0.016527,0.04446,0.039895
20010228,-0.010448,0.02778,-0.06047,-0.01751,-0.088565,-0.19951,0.054023,0.003191,0.009657,0.008595,-0.09539,-0.032704
20010330,-0.018658,-0.06899,-0.048153,-0.01961,-0.069164,-0.097422,-0.08506,0.003615,0.003819,0.006955,-0.05599,-0.011053
20010430,0.044892,0.03896,0.080201,-0.01554,0.094118,0.14303,0.143027,0.00317,-0.008977,-0.003057,0.07044,0.060487
20010531,0.025185,0.01029,0.006381,0.09488,0.008678,-0.017574,0.054223,0.003016,0.003902,0.00625,0.00833,0.014879
20010629,0.000159,0.01019,-0.015159,0.026,-0.015897,-0.049353,-0.019782,0.002005,0.00266,0.003084,-0.02383,-0.010326
20010731,0.021834,-0.00288,-0.014052,-0.03679,-0.020334,-0.05849,-0.056509,0.001858,0.034792,0.023386,-0.0102,-0.001865
20010831,-0.004274,0.00289,-0.059976,0.02532,-0.060524,-0.088129,0.055615,0.002425,0.012005,0.010729,-0.05933,-0.034869
20010928,-0.04907,0.00865,-0.097789,-0.07407,-0.097873,-0.064431,-0.007092,0.002703,0.016939,0.007608,-0.08159,-0.094194
20011031,0.004545,0.01714,0.025228,0.04636,0.029984,0.024838,-0.017347,0.001561,0.021421,0.016703,0.01302,0.016382
20011130,0.05279,-0.01685,0.079836,0.04323,0.072889,0.070229,0.022845,0.000992,-0.014502,-0.014948,0.07798,0.080589
20011231,0.033283,0.08,0.01706,0.04331,0.019843,-0.001601,0.051415,0.000425,-0.00436,-0.00604,0.00562,0.041149
20020131,-0.008403,-0.02249,-0.021935,0.04668,-0.017129,-0.049402,0.089159,0.000739,0.012586,0.007683,-0.0098,-0.023018
20020228,0.012712,-0.01218,-0.024406,0.04974,-0.022822,-0.01942,0.094884,0.000591,0.014015,0.009231,-0.01794,-0.002618
20020328,0.03159,-0.02603,0.048141,0.06863,0.03397,0.011437,0.084112,0.000443,-0.019613,-0.013754,0.03324,0.036089
20020430,-0.021739,0.03305,-0.062621,0.00502,-0.057906,-0.076393,0.039185,0.00059,0.022315,0.018713,-0.05816,-0.052565
20020531,0.011111,0.01566,-0.013085,0.03438,-0.00959,-0.012242,0.149321,0.000295,0.007866,0.00773,-0.00593,-0.002005
20020628,-0.036648,-0.10456,-0.079763,-0.10121,-0.06382,-0.030834,-0.122703,0.00059,0.002898,0.004587,-0.07375,-0.08374
20020731,-0.054519,0.02246,-0.080425,-0.10047,-0.077574,-0.069869,-0.18549,0.000295,0.005627,0.006126,-0.07882,-0.097059
20020830,0.010622,0.06881,-0.000825,0.10962,0.010449,0.015761,0.171717,0.000147,0.016551,0.015318,0.0068,0.013844
20020930,-0.065871,0.01233,-0.111561,0,-0.105927,-0.065038,0.001567,0.000736,0.011744,0.012876,-0.10485,-0.128514
20021031,0.053398,0.00392,0.096834,-0.00383,0.097602,0.075918,-0.086072,0.000442,-0.000009,-0.006718,0.08228,0.088479
20021129,0.046083,-0.02548,0.054329,0.08079,0.062195,0.020348,0.010274,0.000588,0.003685,0.002267,0.06168,0.076207
20021231,-0.021481,0.00622,-0.068184,0.03987,-0.061316,-0.06009,0.19178,-0.000147,0.020611,0.017491,-0.05664,-0.048897
20030131,-0.026034,-0.07079,-0.033766,0.04918,-0.024068,-0.013788,-0.003597,0.0003,0.004356,0.002262,-0.02459,-0.02
20030228,-0.022013,-0.08728,-0.015233,0.06094,-0.013259,-0.012583,-0.059928,0.000451,0.014166,0.012177,-0.01348,-0.026361
20030331,0.006392,0.03404,0.005096,-0.02651,0.008331,0.021593,-0.082949,0.00045,0.002291,0.000158,0.00206,0.008734
20030430,0.07074,0.09428,0.091568,0.05934,0.084222,0.057519,-0.00335,-0.00015,0.011469,0.009128,0.08461,0.10303
20030530,0.061562,0.01697,0.055648,0.06715,0.051868,0.047182,0.116807,0.00015,0.01682,0.017949,0.05484,0.065149
20030630,-0.000294,0.02113,0.004406,-0.0301,0.015424,0.019086,0.037622,0.00045,-0.000219,-0.00017,0.01066,0.010939
20030731,0.007112,-0.00676,0.009412,-0.03673,0.014499,0.011053,0.054387,-0.0003,-0.037467,-0.033879,0.01803,0.021994
20030829,0.019774,0.05228,0.021756,0.01946,0.018149,0.00911,0.149931,-0.00015,0.008418,0.005949,0.02063,0.02439
20030930,-0.003854,-0.01023,-0.013992,0.03377,-0.012032,-0.008125,0.040072,-0.0003,0.028414,0.027151,-0.01089,0.0007
20031031,0.030769,0.03747,0.053282,0.02983,0.053676,0.033374,0.155262,-0.0003,-0.006768,-0.007527,0.05353,0.06578
20031128,0.016282,0.07634,0.008798,0.02676,0.007063,0.005872,0.125436,0,0.002499,0.005821,0.01092,0.026264
20031231,0.064283,0.00597,0.056317,0.05764,0.048348,0.061052,-0.018505,-0.000301,0.011768,0.007294,0.05032,0.045865
20040130,0.001285,0.0622,0.011027,0.02381,0.016129,0.022671,-0.118069,0.000302,0.006702,0.010229,0.01977,0.02583
20040227,0.021823,0.05598,0.007498,-0.01292,0.015673,0.026494,0.035772,0.000151,0.011724,0.011643,0.01357,0.01199
20040331,-0.009891,-0.0127,-0.014141,0.0144,-0.015038,0.005267,0.04134,-0.000302,0.008371,0.00802,-0.0132,-0.012441
20040430,0.001276,0.00096,-0.024742,-0.14934,-0.015669,-0.00131,-0.202513,0,-0.022964,-0.025412,-0.01892,-0.026995
20040528,0.001274,-0.04701,0.010571,0.00774,0.012653,0.034365,0.088217,-0.000151,-0.003464,-0.005214,0.01712,0.011714
20040630,0.025362,-0.00056,0.017573,-0.02458,0.021161,0.003043,-0.022003,-0.000151,0.004647,0.006781,0.01849,0.025021
20040730,-0.012516,-0.01911,-0.032944,0.05683,-0.034932,-0.064981,-0.01717,0.000302,0.010619,0.00823,-0.03222,-0.03471
20040831,0.015209,-0.00287,0.004968,0.05784,0.001431,0.027853,0.063253,0.000302,0.019864,0.017123,0.00244,0.00248
20040930,0.007142,-0.00402,0.00346,0.02734,0.014499,0.043936,0.101416,0,0.001718,0.003669,0.01002,0.016079
20041029,0.001247,-0.0277,0.01622,0.0533,0.012681,-0.002016,0.015432,0.000604,0.010112,0.008059,0.01288,0.019477
20041130,0.03736,-0.00653,0.03678,0.0393,0.044325,0.067677,0.056738,0.000604,-0.003414,-0.008019,0.04451,0.048358
20041231,0.03044,0.05018,0.037118,0.02745,0.031418,0.059887,-0.040315,0.000905,0.006905,0.008088,0.03015,0.042919
20050131,-0.017263,0.02275,-0.024659,0.00646,-0.023668,-0.071652,-0.047875,0.011607,0.003201,0.008054,-0.02242,-0.028777
20050228,0.026349,0.00334,0.015968,0.01926,0.018419,0.014907,0.089831,0.000894,-0.003776,-0.004955,0.0209,0.026211
20050331,-0.012089,-0.03548,-0.023576,-0.09446,-0.019498,-0.014925,-0.052359,0.00134,-0.00226,-0.004978,-0.01828,-0.016657
20050429,-0.019876,-0.03046,-0.012786,0.02918,-0.019312,-0.008899,-0.101204,0.001635,0.015162,0.012695,-0.01874,-0.020327
20050531,0.020279,-0.00296,0.029993,0.04408,0.036069,0.050231,0.020694,0.001336,0.011564,0.009652,0.03222,0.034582
20050630,0.007841,-0.00713,-0.004897,0.02375,0.003199,0.022412,0.089445,0.001482,0.005064,0.004219,0.0015,0.004453
20050729,0.02104,0,0.033977,0.08699,0.039017,0.047006,-0.015873,0.00148,-0.007862,-0.008836,0.03826,0.031285
20050831,-0.010909,-0.00419,-0.016108,-0.03498,-0.006319,0.012087,0.051168,0.002069,0.013546,0.013063,-0.00937,-0.007584
20050930,0.002226,-0.01383,0.014014,0.02125,0.016533,0.03135,0.132275,0.002065,-0.010617,-0.011169,0.00799,-0.002729
20051031,-0.01599,0.04756,-0.018123,-0.02043,-0.015728,-0.015095,-0.053738,0.001766,-0.008725,-0.006917,-0.02365,-0.025178
20051130,0.02,0.04063,0.042848,0.01145,0.041765,0.026874,0.081975,0.002498,0.003704,0.003423,0.04395,0.040988
20051230,0.004294,-0.00861,-0.001385,0.02258,0.004415,0.002244,0.119295,0.002667,0.009906,0.007885,-0.0019,0.01592
20060131,0.02046,0.009817,0.02225,0.01627,0.033729,0.040065,0.207815,0.001929,0.001774,0.000424,0.024014,0.029738
20060228,0.011278,-0.030059,0,0.097291,-0.00338,-0.027123,-0.076431,0.00237,0.003397,0.003428,0.005725,0.002831
20060331,0.010397,0.040899,0.010945,-0.035915,0.016457,0.017778,0.118553,0.003103,-0.010436,-0.008477,0.016504,0.014681
20060428,0.01603,-0.014942,0.016636,-0.01706,0.013854,0.013894,0.127323,0.002799,0.000929,-0.004054,0.012632,0.030607
20060531,-0.010922,0.036966,-0.043636,-0.055422,-0.040007,-0.045223,-0.085165,0.003085,-0.002893,-0.000908,-0.030121,-0.031857
20060630,0.004999,-0.006837,-0.006844,-0.026786,-0.0012,0.011688,-0.027361,0.003222,-0.000917,0.000608,0.002251,-0.006546
20060731,0.025735,-0.000644,0.005115,0.060859,0.006525,0.017025,0.017839,0.003358,0.015904,0.012833,0.004873,-0.005656
20060831,0.020311,0.049094,0.036896,0.047799,0.024053,-0.014548,0.048871,0.003492,0.014746,0.015737,0.021822,0.021047
20060929,0.021374,-0.003091,0.037607,0,0.017325,0.013751,-0.105398,0.00377,0.007869,0.008393,0.026994,0.026184
20061031,0.02765,0.100992,0.027235,0.053343,0.029966,0.055855,0.105244,0.003178,0.006043,0.005384,0.031517,0.046145
20061130,0.017937,0.015406,0.027666,0.031286,0.020191,0.037975,0.107247,0.003456,0.011714,0.011316,0.019885,0.030099
20061229,0.014401,0.026984,0.001438,0.01022,0.008551,-0.000066,-0.018098,0.003641,-0.008532,-0.002062,0.013368,0.023451
20070131,0.004662,0.000546,0.023359,0.00565,0.017295,0.016844,0.005176,0.002476,-0.001754,-0.00208,0.01504,0.015558
20070228,-0.0058,-0.035075,-0.025293,0.026966,-0.025272,-0.010803,0.02712,0.003197,0.016558,0.015976,-0.019617,-0.015848
20070330,0.011963,0.026368,0.003797,0.008766,0.008171,0.020204,0.021725,0.003476,0.002319,-0.000454,0.011602,0.006441
20070430,0.031214,0.001927,0.039117,0.018557,0.039121,0.042462,0.028786,0.00332,0.002212,0.005485,0.044296,0.0384
20070531,0.020179,0.002656,0.024894,0.044324,0.034648,0.048434,0.023847,0.003453,-0.013788,-0.006363,0.03392,0.045198
20070629,-0.016968,-0.000137,-0.011967,-0.057971,-0.000145,-0.001796,-0.012112,0.003297,-0.00167,-0.00043,-0.014647,-0.021126
20070731,-0.029246,0.004796,-0.019856,-0.054989,0.003045,-0.004579,0.027979,0.002858,0.012178,0.007065,-0.03131,-0.03996
20070831,0.024334,0.076273,0.021486,0.021277,0.007806,0.019386,-0.058716,0.004702,0.013202,0.010027,0.012833,0.003688
20070928,0.022732,0.001014,0.041406,0.033565,0.060671,0.10701,0.224172,0.002836,0.019946,0.005504,0.038699,0.017848
20071031,0.003337,0.118049,0.034662,-0.018261,0.079378,0.087495,0.125265,0.002263,0.011215,0.008451,0.013567,0.006704
20071130,-0.037694,0.057358,-0.045226,-0.025522,-0.055249,-0.031191,-0.116038,0.00381,0.023375,0.004,-0.038733,-0.057889
20071231,-0.008259,0.010707,-0.00938,0.056458,0.011678,0.025984,0.00732,0.001874,0.004236,0.003446,-0.011332,-0.02719
20080131,-0.035897,-0.039548,-0.08433,-0.011468,-0.115102,-0.074629,0.030644,0.004219,0.033274,0.014745,-0.060461,-0.043921
20080229,-0.029255,0.029412,-0.031615,0.00464,-0.02221,0.018375,0.09138,0.001014,0.001449,-0.008952,-0.025843,-0.048602
20080331,0.00612,-0.047143,-0.008872,-0.024166,-0.014874,-0.002434,-0.085479,0.001737,-0.001387,-0.013582,-0.009031,-0.037789
20080430,0.036986,0.003373,0.058781,0.010843,0.06952,0.095894,-0.012845,0.000289,0.004189,-0.000106,0.047662,0.061818
20080530,0,0.005977,0.030467,0.054827,0.03413,0.042049,0.065338,-0.000289,-0.008653,0.002851,0.015116,-0.002055
20080630,-0.075434,-0.103231,-0.072273,-0.031916,-0.069607,-0.054808,0.008056,0.000867,-0.008626,-0.006279,-0.083499,-0.102365
20080731,0.011527,-0.052174,-0.034727,-0.021378,-0.031764,-0.049076,-0.145914,0.001155,0.001402,-0.007891,-0.008986,-0.010054
20080829,0.027066,0.018785,0.024229,-0.018204,-0.006162,-0.035105,-0.091156,0.000721,0.009915,-0.006437,0.015454,0.013281
20080930,-0.038872,0.120069,-0.119068,-0.21841499,-0.142594,-0.193506,-0.182664,0.002161,-0.031642,-0.045009,-0.094373,-0.111796
20081031,-0.119186,-0.115697,-0.173453,-0.18739901,-0.184874,-0.168045,-0.412028,0.000431,-0.008969,-0.094634,-0.165187,-0.174479
20081128,-0.026403,-0.099489,-0.074877,-0.083499,-0.081515,-0.113631,0.198341,0.001006,0.020325,-0.120308,-0.069607,-0.071504
20081231,0.034195,-0.071154,0.016817,0.208792,0.025214,0.047991,0.249131,-0.000295,0.038476,0.075192,0.009835,0.035942
20090130,-0.066445,-0.073478,-0.086316,0.171401,-0.050141,-0.008839,-0.00294,-0.000146,0.006095,0.054107,-0.082114,-0.095344
20090227,-0.078292,-0.121807,-0.092166,-0.090468,-0.068581,-0.073457,0.000983,-0.000438,-0.008443,-0.004088,-0.107449,-0.10049
20090331,0.054194,0.103053,0.086041,0.066231,0.088805,0.090932,0.143839,0,0.017473,0.02318,0.083484,0.114441
20090430,0.038745,0.084198,0.086854,0.149742,0.119022,0.116322,-0.030472,-0.000146,0.014107,0.04788,0.099346,0.121027
20090529,0.023091,-0.025532,0.063715,0.031437,0.046771,0.067596,0.322709,-0.000585,0.025665,0.051389,0.058453,0.065431
20090630,0.010968,-0.017467,0.002843,-0.019146,0.01066,0.006429,-0.122825,-0.000439,0.006903,0.040497,-0.000673,-0.011157
20090731,0.053633,0.077778,0.078173,0.019375,0.074731,0.092334,0.079741,-0.000439,0.022134,0.049333,0.074606,0.09205
20090831,0.021346,0.039691,0.033898,0.006261,0.024849,0.002481,0.009894,-0.000293,0.019436,0.037542,0.03694,0.039272
20090930,0.014538,0.001487,0.041985,0.100672,0.062347,0.036062,0.142057,-0.000293,0.017666,0.03006,0.035457,0.047926
20091030,-0.00319,-0.019802,-0.014886,-0.074074,-0.018604,-0.02747,-0.040748,-0.000439,0.005939,0.02322,-0.019225,-0.03518
20091130,0.0352,0.016162,0.047111,0.079111,0.067031,0.042456,0.198339,-0.00044,0.012659,0.01196,0.061607,0.059253
20091231,0.022163,-0.013917,0.026713,0.022586,0.033781,0.03652,-0.024577,-0.000737,-0.008871,0.0059,0.019072,0.034609
20100129,-0.027439,0.15524,-0.042254,-0.00963,-0.0528,-0.053905,-0.112441,-0.000148,0.01755,0.025484,-0.03634,-0.027708
20100226,0.020376,0.04538,0.039792,0.0277,0.039986,0.041359,0.099091,-0.00059,0.005122,0.002811,0.03119,0.030225
20100331,0.042813,0.01669,0.056323,0.01479,0.066065,0.054054,0.046505,-0.000443,0.007046,0.010808,0.06091,0.064543
20100430,0.016272,-0.05316,0.021293,0.0148,0.017609,-0.004065,0.118321,-0.000739,0.010552,0.012215,0.01549,0.011024
20100528,-0.05968,-0.08164,-0.078764,-0.04775,-0.06822,-0.092936,-0.040224,-0.000148,-0.000217,0.000449,-0.07948,-0.086449
20100630,-0.026929,0.13304,-0.056999,0.01957,-0.070893,-0.059017,0.014224,-0.000444,0.017012,0.013762,-0.05173,-0.067361
20100730,0.049679,-0.025,0.076581,0.06111,0.07438,0.072099,-0.009016,-0.000444,0.015084,0.012171,0.0683,0.077277
20100831,-0.012214,0.01432,-0.043011,0.02225,-0.039714,-0.064334,0.110184,-0.000444,0.014883,0.017167,-0.04498,-0.057216
20100930,0.057928,0.04908,0.101296,0.01927,0.109911,0.106161,0.08468,-0.000444,0.007749,-0.003137,0.08955,0.093297
20101029,0.020649,-0.04177,0.038583,0.07791,0.050688,0.067131,0.036306,-0.000444,0.010551,-0.000298,0.0382,0.040597
20101130,-0.004335,0.00754,0.009098,-0.04501,0.021565,-0.03557,0.069259,-0.000593,-0.014263,-0.00231,0.00002,0.001592
20101231,0.056097,0.00208,0.066495,-0.01616,0.053947,0.061105,0.051375,-0.000449,-0.005333,-0.003773,0.06682,0.08015
20110131,0.009709,0.0164,0.018375,0.00769,0.0187,0.003803,-0.120586,-0.000598,0.002847,0.008,0.0233,0.031088
20110228,0.026099,0.07249,0.043026,-0.01018,0.043415,0.024098,0.099247,-0.000599,0.005514,0.012452,0.03474,0.03374
20110331,-0.001681,-0.0457,-0.001929,0.01812,0.011449,-0.016427,0.005189,-0.00015,0.002846,0.002773,0.00011,-0.002778
20110429,0.030956,-0.00439,0.028724,0.01312,0.037824,0.038068,0.045426,-0.000449,0.016566,0.017512,0.02896,0.022284
20110531,-0.003916,-0.0479,-0.012987,0.02189,-0.00705,-0.022032,-0.065376,-0.000599,0.005658,0.008563,-0.01121,-0.012943
20110630,-0.015584,-0.02248,-0.018684,-0.00091,-0.023443,-0.015266,-0.051352,-0.00045,-0.003616,-0.005941,-0.01689,-0.029483
20110729,-0.029491,-0.03966,-0.033625,-0.00864,-0.001372,0.002107,0.0499,-0.00075,0.012585,0.011541,-0.02,-0.036507
20110831,-0.030387,-0.01552,-0.068894,0.00803,-0.073764,-0.073445,0.052408,0,-0.005719,-0.000169,-0.05498,-0.069094
20110930,-0.048424,-0.02705,-0.086771,-0.07788,-0.074448,-0.095315,-0.194355,-0.000901,-0.01743,-0.007301,-0.06945,-0.082203
20111031,0.076923,0.09504,0.126437,0.07012,0.118411,0.126859,0.087838,-0.000451,0.014048,0.007377,0.10915,0.123478
20111130,0.001401,0.01325,-0.00656,-0.01555,-0.025645,-0.029257,-0.008512,-0.000451,-0.008964,-0.013171,-0.00406,-0.010836
20111230,0.025753,-0.0316,-0.002126,0.0163,-0.016762,-0.011473,-0.140696,-0.000602,0.017191,0.008924,0.01044,0.008174
20120131,0.022008,0.02762,0.056827,0.0652,0.070585,0.088667,0.120819,-0.000602,0.025761,0.014802,0.04637,0.065779
20120229,0.018843,0.00008,0.047486,0.01152,0.057131,0.072636,-0.011577,-0.000602,0.002521,0.004397,0.04341,0.040411
20120330,0.018934,0.03363,0.032,0.00638,0.029995,0.02816,-0.11088,-0.000452,0.000323,0.001483,0.03216,0.032486
20120430,-0.005202,-0.00902,-0.010356,0.03134,-0.006158,-0.009619,-0.057084,-0.000452,0.014695,0.009642,-0.00668,-0.01368
20120531,-0.037908,-0.01614,-0.071288,-0.04327,-0.06893,-0.062716,-0.111146,-0.000603,0.008512,0.015382,-0.06006,-0.073509
20120629,0.039858,0.05128,0.03338,0.05099,0.030639,0.021075,0.020608,-0.000453,0.004491,0.003726,0.04057,0.042611
20120731,0.022398,0.02001,0.015038,0.03177,0.010223,0.01376,-0.007871,-0.000453,0.017405,0.020873,0.01179,0.01087
20120831,0.014175,-0.00694,0.028283,0.02865,0.035419,0.046318,0.132804,-0.000453,0.004809,0.0121,0.02505,0.025806
20120928,0.019778,0.04852,0.029142,0.02085,0.027906,0.014594,0.117235,-0.000453,0.009118,0.002232,0.02536,0.025856
20121031,-0.006274,-0.02408,-0.021046,0.00645,-0.026398,-0.029727,-0.02344,-0.000454,0.003697,0.01196,-0.0182,-0.001362
20121130,-0.002525,0.01862,0.01759,0.01555,0.019789,0.023884,-0.08038,-0.000454,0.005323,0.000828,0.0057,0.014325
20121231,0.007552,0.01625,0.013914,-0.0096,-0.000345,0.005316,-0.043703,-0.000454,0.002577,0.00387,0.00896,0.027569
20130131,0.048593,0.08813,0.061548,0.04039,0.037792,0.020625,-0.0914,-0.000454,-0.002691,0.003851,0.05119,0.06755
20130228,0.007317,0.0461,0.002989,-0.00387,0.006765,0.000158,-0.115613,-0.000454,0.005478,0.010735,0.01276,0.008685
20130328,0.029897,0.02412,0.031168,0.005,0.028942,0.029203,0.010664,-0.000455,0.003315,0.003815,0.03798,0.03813
20130430,0.022432,0.0174,0.01216,0.00721,0.016928,0.021626,-0.201641,-0.000455,0.011762,0.008307,0.01921,0.011848
20130531,0.006928,0.07736,0.038902,-0.0574,0.026533,0.022219,-0.02839,-0.000455,-0.02159,-0.017472,0.02358,0.046838
20130628,-0.001993,-0.01576,-0.017015,-0.04183,-0.020605,-0.017771,-0.171285,-0.000607,-0.026218,-0.016457,-0.01333,-0.008688
20130731,0.025434,0.03144,0.063448,0.00066,0.060749,0.061603,0.125228,-0.000455,0.00489,0.001545,0.05168,0.053824
20130830,-0.032694,-0.03939,-0.027455,-0.0379,-0.010797,-0.007746,0.072934,-0.000608,-0.010877,0.001573,-0.02999,-0.02957
20130930,0.02214,0.02011,0.045765,0.04924,0.053743,0.052661,-0.065962,-0.000456,0.017849,0.00722,0.03168,0.034903
